                                                                                                                                                                                                        
                                                                                                                                                                                                        
                                                                                                                                                                                                        
                                                                                                                                                                                                        
                                                                                                                                                                                                        
                                                                                                                                                                                                        
                                                                                                                                                                                                        
                                                                                                                                                                                                        
                                                                                                                                                                                                        
                                                                                                                                                                                                        
                                                                                                                                        3.1                                                             
                                                                                                                                      4159                                                              
                                                                                                                                 265358979                                                              
                                                                                                                        323846264338327950                                                              
                                                                           28841971693993751058209749445923078164062862089986280348253421                                                               
                                                                       17067982148086513282306647093844609550582231725359408128481117450                                                                
                                                                     284102701938521105559644622948954930381964428810975665933446128475                                                                 
                                                                   6482337867831652712019091456485669234603486104543266482133936072602                                                                  
                                                                 4914127372458700660631558817488152092096282925409171536436789259036                                                                    
                                                                001133053054882046652138414695194151160943305727036575959195309218                                                                      
                                                               6117381932611793105118548074462379962749567351885752724891227938                                                                         
                                                               1830119491298336 733624406                566430860213                                                                                   
                                                              949463952          24737190                 7021798609                                                                                    
                                                              43702              77053921                71762931767                                                                                    
                                                             523                 8467481                 8467669405                                                                                     
                                                             13                  2000568                 1271452635                                                                                     
                                                                                 6082778                 5771342757                                                                                     
                                                                                 7896091                 7363717872                                                                                     
                                                                                 1468440                9012249534                                                                                      
                                                                                 3014654                9585371050                                                                                      
                                                                                79227968                9258923542                                                                                      
                                                                                01995611                2129021960                                                                                      
                                                                                86403441                8159813629                                                                                      
                                                                                7747713                0996051870                                                                                       
                                                                               72113499                9999837297                                                                                       
                                                                               80499510                5973173281                                                                                       
                                                                              609631859                5024459455                                                                                       
                                                                              346908302                6425223082                                                                                       
                                                                             5334468503                5261931188                                                                                       
                                                                            17101000313                7838752886                                                                                       
                                                                           58753320838                14206171776                                                                                       
                                                                          691473035982                53490428755                                                                                       
                                                                         4687311595628                63882353787                                                                                       
                                                                        59375195778185                77805321712                                                                                       
                                                                      268066130019278                 766111959092                   16                                                                 
                                                                     4201989380952572                  0106548586327               886                                                                  
                                                                    59361533818279682                  3030195203530185        2968995                                                                  
                                                                   773622599413891249                  721775283479131515574857242454                                                                   
                                                                   15069595082953311                    6861727855889075098381754637                                                                    
                                                                   46493931925506040                     09277016711390098488240128                                                                     
                                                                   5836160356370766                       010471018194295559619894                                                                      
                                                                    6767837449448                          255379774726847104047                                                                        
                                                                     53464620804                              668425906949129                                                                           
                                                                                                                                                                                                        
                                                                                                                                                                                                        
                                                                                                                                                                                                        
                                                                                                                                                                                                        
                                                                                                                                                                                                        
                                                                                                                                                                                                        
                                                                                                                                                                                                        
                                                                                                                                                                                                        
                                                                                                                                                                                                        
                                                                                                                                                                                                        
                                                                                                                                                                                                        
                                                                                                                                                                                                        
                                                                                                                                                                                                        
